3 5 [ 1.          0.53574219  0.        ] 0.409648
3 10 [ 1.          0.67856445  0.        ] 0.597992
3 15 [ 1.          0.74895833  0.        ] 0.689873
3 20 [ 1.          0.79198134  0.        ] 0.745304
3 25 [ 1.          0.82139275  0.        ] 0.782761
3 30 [ 1.          0.84285301  0.        ] 0.809936
3 35 [ 1.          0.85931927  0.        ] 0.830640
3 40 [ 1.          0.87243924  0.        ] 0.846986
3 45 [ 1.          0.88307292  0.        ] 0.860251
3 50 [ 1.          0.89197049  0.        ] 0.871249
4 5 [ 1.          0.72644184  0.3615227   0.        ] 0.561168
4 10 [ 1.          0.84176512  0.52197727  0.        ] 0.748616
4 15 [ 1.          0.88517685  0.62775073  0.        ] 0.819786
4 20 [ 1.          0.90983659  0.69393987  0.        ] 0.859081
4 25 [ 1.          0.92506717  0.73793939  0.        ] 0.884059
4 30 [ 1.          0.93607436  0.77052308  0.        ] 0.901401
4 35 [ 1.          0.94396528  0.795623    0.        ] 0.914165
4 40 [ 1.          0.95023105  0.81523801  0.        ] 0.923949
4 45 [ 1.          0.95522078  0.83146447  0.        ] 0.931705
4 50 [ 1.          0.95926741  0.84468738  0.        ] 0.937997
5 5 [ 1.          0.7731318   0.44593316  0.21733143  0.        ] 0.596319
5 10 [ 1.          0.86889632  0.62005907  0.35106253  0.        ] 0.771146
5 15 [ 1.          0.90410045  0.70734307  0.47558695  0.        ] 0.837098
5 20 [ 1.          0.92485211  0.76123223  0.55853445  0.        ] 0.873156
5 25 [ 1.          0.9374695   0.79602721  0.61646449  0.        ] 0.895745
5 30 [ 1.         0.9464437  0.821667   0.6617809  0.       ] 0.911410
5 35 [ 1.          0.95307003  0.84156897  0.69643063  0.        ] 0.922963
5 40 [ 1.          0.95805884  0.85631205  0.72118425  0.        ] 0.931667
5 45 [ 1.          0.96217982  0.86888167  0.74421289  0.        ] 0.938638
5 50 [ 1.          0.96525942  0.87636321  0.67084372  0.        ] 0.943755
6 5 [ 1.          0.77824827  0.45458477  0.24360904  0.11858092  0.        ] 0.600670
6 10 [ 1.          0.86999843  0.62270198  0.39073619  0.21073691  0.        ] 0.772025
6 15 [ 1.          0.90540923  0.71021984  0.51248988  0.32329428  0.        ] 0.837799
6 20 [ 1.          0.92485927  0.76241952  0.59150351  0.41596651  0.        ] 0.873570
6 25 [ 1.          0.93733977  0.79698818  0.60656873  0.48127379  0.        ] 0.895934
6 30 [ 1.          0.94649269  0.82284258  0.68696602  0.5344183   0.        ] 0.911710
6 35 [ 1.          0.95306415  0.84130958  0.71709184  0.48289419  0.        ] 0.923003
6 40 [ 1.          0.95811167  0.85635986  0.7377763   0.60538305  0.        ] 0.931727
6 45 [ 1.          0.9620333   0.86831665  0.76298784  0.65210454  0.        ] 0.938614
6 50 [ 1.          0.96530932  0.87898336  0.77761049  0.66800103  0.        ] 0.944302
7 5 [ 1.          0.77814033  0.45499539  0.24547716  0.12891884  0.0620554   0.        ] 0.601003
7 10 [ 1.          0.86968567  0.6214487   0.38865476  0.22836454  0.14182783	0.        ] 0.771812
7 15 [ 1.          0.90522191  0.70972635  0.50798986  0.35955578  0.25243632 0.        ] 0.837706
7 20 [ 1.          0.92488057  0.76164663  0.58811017  0.40955668  0.11761423 0.        ] 0.873423
7 25 [ 1.          0.93770014  0.79720985  0.64206095  0.47872532  0.12603887 0.        ] 0.896060
7 30 [ 1.          0.94645202  0.82219702  0.68474174  0.53688272  0.4011173   0.        ] 0.911601
7 35 [ 1.          0.95296181  0.84122566  0.71787518  0.59641627  0.24446156 0.        ] 0.923001
7 40 [ 1.          0.9581121   0.85636216  0.73787689  0.637623    0.50025505 0.        ] 0.931728
7 45 [ 1.          0.96263484  0.86923791  0.75452101  0.49315222  0.37163108 0.        ] 0.938690
7 50 [ 1.          0.96530979  0.87898333  0.7776374   0.6742873   0.50014243 0.        ] 0.944302
8 5 [ 1.          0.77607646  0.45272586  0.24322506  0.12851735  0.06562149 0.01056193  0.        ] 0.600559
8 10 [ 1.          0.86970788  0.62160879  0.39093579  0.22485679  0.1341496 0.11237587  0.        ] 0.771856
8 15 [ 1.          0.9053167   0.71020807  0.51066831  0.35417267  0.16683274 0.08077827  0.        ] 0.837797
8 20 [ 1.          0.92519954  0.76206156  0.58501988  0.44162181  0.3187689 0.05165823  0.        ] 0.873454
8 25 [ 1.          0.93760677  0.79702709  0.64309786  0.49231358  0.48571465 0.0728975   0.        ] 0.896041
8 30 [ 1.          0.94656841  0.82207578  0.68343546  0.52064431  0.29978132 0.09356442  0.        ] 0.911567
8 35 [ 1.          0.95313643  0.84165598  0.71549368  0.5971462   0.45016639 0.30755543  0.        ] 0.923051
8 40 [ 1.          0.9581121   0.85636216  0.73787689  0.63762307  0.5003217 0.40000002  0.        ] 0.931728
8 45 [ 1.          0.96210817  0.86868298  0.76395961  0.66102873  0.617335 0.39934851  0.        ] 0.938667
8 50 [ 1.          0.96530979  0.87898333  0.7776374   0.6742873   0.50014253 0.4         0.        ] 0.944302
9 5 [ 1.          0.77780762  0.45447906  0.24409335  0.12889266  0.06599074 0.04767866  0.02317975  0.        ] 0.600853
9 10 [ 1.          0.87015882  0.62238624  0.39274942  0.22299275  0.14218716 0.07615276  0.0407088   0.        ] 0.771972
9 15 [ 1.          0.9055444   0.71042173  0.5108059   0.34603485  0.30047623 0.2454781   0.01817767  0.        ] 0.837815
9 20 [ 1.          0.92474381  0.76183648  0.58603466  0.42656553  0.40566086 0.29425531  0.25478857  0.        ] 0.873458
9 25 [ 1.          0.93753799  0.79673588  0.64689275  0.50278165  0.48048303 0.44860573  0.36308194  0.        ] 0.896011
9 30 [ 1.          0.94682104  0.8223332   0.69013754  0.56821468  0.49986769 0.4153218   0.09880959  0.        ] 0.911605
9 35 [ 1.          0.95297505  0.84130772  0.71764565  0.59561479  0.21411552 0.15852101  0.08110313  0.        ] 0.923013
9 40 [ 1.          0.9581121   0.85636216  0.73787689  0.63762307  0.5003217 0.40000003  0.3         0.        ] 0.931728
9 45 [ 1.          0.96200919  0.86889703  0.76428364  0.68499685  0.62822239 0.4912755   0.24674254  0.        ] 0.938709
9 50 [ 1.          0.96530979  0.87898333  0.7776374   0.6742873   0.50014253 0.4         0.3         0.        ] 0.944302
